872,3644
872,3643
872,3642
872,3641
872,3640
872,3639
872,3638
872,3637
872,3636
872,3635
872,3634
872,3633
872,3632
872,3631
872,3630
872,3629
872,3628
872,3627
872,3626
872,3625
872,3624
872,3623
872,3622
872,3621
872,3620
872,3619
872,3618
872,3617
872,3616
872,3615
872,3614
872,3613
872,3612
872,3611
872,3610
872,3609
872,3608
872,3607
872,3606
872,3605
872,3604
872,3603
872,3602
872,3601
872,3600
872,3599
872,3598
872,3597
872,3596
872,3595
872,3594
872,3593
872,3592
872,3591
872,3590
872,3589
872,3588
872,3587
872,3586
872,3585
872,3584
872,3583
872,3582
872,3581
872,3580
872,3579
872,3578
872,3577
872,3576
872,3575
872,3574
872,3573
872,3572
872,3571
872,3570
872,3569
872,3568
872,3567
872,3566
872,3565
872,3564
872,3563
872,3562
872,3561
872,3560
872,3559
872,3558
872,3557
872,3556
872,3555
872,3554
872,3553
872,3552
872,3551
872,3550
872,3549
872,3548
872,3547
872,3546
872,3545
872,3544
872,3543
872,3542
872,3541
872,3540
872,3539
872,3538
872,3537
872,3536
872,3535
872,3534
872,3533
872,3532
872,3531
872,3530
872,3529
872,3528
872,3527
872,3526
872,3525
872,3524
872,3523
872,3522
872,3521
872,3520
872,3519
872,3518
872,3517
872,3516
872,3515
872,3514
872,3513
872,3512
872,3511
872,3510
872,3509
872,3508
872,3507
872,3506
872,3505
872,3504
872,3503
872,3502
872,3501
872,3500
872,3499
872,3498
872,3497
872,3496
872,3495
872,3494
872,3493
872,3492
872,3491
872,3490
872,3489
872,3488
872,3487
872,3486
872,3485
872,3484
872,3483
872,3482
872,3481
872,3480
872,3479
872,3478
872,3477
872,3476
872,3475
872,3474
872,3473
872,3472
872,3471
872,3470
872,3469
872,3468
872,3467
872,3466
872,3465
872,3464
872,3463
872,3462
872,3461
872,3460
872,3459
872,3458
872,3457
872,3456
872,3455
872,3454
872,3453
872,3452
872,3451
872,3450
872,3449
872,3448
872,3447
872,3446
872,3445
872,3444
872,3443
872,3442
872,3441
872,3440
872,3439
872,3438
872,3437
872,3436
872,3435
872,3434
872,3433
872,3432
872,3431
872,3430
872,3429
872,3428
872,3427
872,3426
872,3425
872,3424
872,3423
872,3422
872,3421
872,3420
872,3419
872,3418
872,3417
872,3416
872,3415
872,3414
872,3413
872,3412
872,3411
872,3410
872,3409
872,3408
872,3407
872,3406
872,3405
872,3404
872,3403
872,3402
872,3401
872,3400
872,3399
872,3398
872,3397
872,3396
872,3395
872,3394
872,3393
872,3392
872,3391
872,3390
872,3389
872,3388
872,3387
872,3386
872,3385
872,3384
872,3383
872,3382
872,3381
872,3380
872,3379
872,3378
872,3377
872,3376
872,3375
872,3374
872,3373
872,3372
872,3371
872,3370
872,3369
872,3368
872,3367
872,3366
872,3365
872,3364
872,3363
872,3362
872,3361
872,3360
872,3359
872,3358
872,3357
872,3356
872,3355
872,3354
872,3353
872,3352
872,3351
872,3350
872,3349
872,3348
872,3347
872,3346
872,3345
872,3344
872,3343
872,3342
872,3341
872,3340
872,3339
872,3338
872,3337
872,3336
872,3335
872,3334
872,3333
872,3332
872,3331
872,3330
872,3329
872,3328
872,3327
872,3326
872,3325
872,3324
872,3323
872,3322
872,3321
872,3320
872,3319
872,3318
872,3317
872,3316
872,3315
872,3314
872,3313
872,3312
872,3311
872,3310
872,3309
872,3308
872,3307
872,3306
872,3305
872,3304
872,3303
872,3302
872,3301
872,3300
872,3299
872,3298
872,3297
872,3296
872,3295
872,3294
872,3293
872,3292
872,3291
872,3290
872,3289
872,3288
872,3287
872,3286
872,3285
872,3284
872,3283
872,3282
872,3281
872,3280
872,3279
872,3278
872,3277
872,3276
872,3275
872,3274
872,3273
872,3272
872,3271
872,3270
872,3269
872,3268
872,3267
872,3266
872,3265
872,3264
872,3263
872,3262
872,3261
872,3260
872,3259
872,3258
872,3257
872,3256
872,3255
872,3254
872,3253
872,3252
872,3251
872,3250
872,3249
872,3248
872,3247
872,3246
872,3245
872,3244
872,3243
872,3242
872,3241
872,3240
872,3239
872,3238
872,3237
872,3236
872,3235
872,3234
872,3233
872,3232
872,3231
872,3230
872,3229
872,3228
872,3227
872,3226
872,3225
872,3224
872,3223
872,3222
872,3221
872,3220
872,3219
872,3218
872,3217
872,3216
872,3215
872,3214
872,3213
872,3212
872,3211
872,3210
872,3209
872,3208
872,3207
872,3206
872,3205
872,3204
872,3203
872,3202
872,3201
872,3200
872,3199
872,3198
872,3197
872,3196
872,3195
872,3194
872,3193
872,3192
872,3191
872,3190
872,3189
872,3188
872,3187
872,3186
872,3185
872,3184
872,3183
872,3182
872,3181
872,3180
872,3179
872,3178
872,3177
872,3176
872,3175
872,3174
872,3173
872,3172
872,3171
872,3170
872,3169
872,3168
872,3167
872,3166
872,3165
872,3164
872,3163
872,3162
872,3161
872,3160
872,3159
872,3158
872,3157
872,3156
872,3155
872,3154
872,3153
872,3152
872,3151
872,3150
872,3149
872,3148
872,3147
872,3146
872,3145
872,3144
872,3143
872,3142
872,3141
872,3140
872,3139
872,3138
872,3137
872,3136
872,3135
872,3134
872,3133
872,3132
872,3131
872,3130
872,3129
872,3128
872,3127
872,3126
872,3125
872,3124
872,3123
872,3122
872,3121
872,3120
872,3119
872,3118
872,3117
872,3116
872,3115
872,3114
872,3113
872,3112
872,3111
872,3110
872,3109
872,3108
872,3107
872,3106
872,3105
872,3104
872,3103
872,3102
872,3101
872,3100
872,3099
872,3098
872,3097
872,3096
872,3095
872,3094
872,3093
872,3092
872,3091
872,3090
872,3089
872,3088
872,3087
872,3086
872,3085
872,3084
872,3083
872,3082
872,3081
872,3080
872,3079
872,3078
872,3077
872,3076
872,3075
872,3074
872,3073
872,3072
872,3071
872,3070
872,3069
872,3068
872,3067
872,3066
872,3065
872,3064
872,3063
872,3062
872,3061
872,3060
872,3059
872,3058
872,3057
872,3056
872,3055
872,3054
872,3053
872,3052
872,3051
872,3050
872,3049
872,3048
872,3047
872,3046
872,3045
872,3044
872,3043
872,3042
872,3041
872,3040
872,3039
872,3038
872,3037
872,3036
872,3035
872,3034
872,3033
872,3032
872,3031
872,3030
872,3029
872,3028
872,3027
872,3026
872,3025
872,3024
872,3023
872,3022
872,3021
872,3020
872,3019
872,3018
872,3017
872,3016
872,3015
872,3014
872,3013
872,3012
872,3011
872,3010
872,3009
872,3008
872,3007
872,3006
872,3005
872,3004
872,3003
872,3002
872,3001
872,3000
872,2999
872,2998
872,2997
872,2996
872,2995
872,2994
872,2993
872,2992
872,2991
872,2990
872,2989
872,2988
872,2987
872,2986
872,2985
872,2984
872,2983
872,2982
872,2981
872,2980
872,2979
872,2978
872,2977
872,2976
872,2975
872,2974
872,2973
872,2972
872,2971
872,2970
872,2969
872,2968
872,2967
872,2966
872,2965
872,2964
872,2963
872,2962
872,2961
872,2960
872,2959
872,2958
872,2957
872,2956
872,2955
872,2954
872,2953
872,2952
872,2951
872,2950
872,2949
872,2948
872,2947
872,2946
872,2945
872,2944
872,2943
872,2942
872,2941
872,2940
872,2939
872,2938
872,2937
872,2936
872,2935
872,2934
872,2933
872,2932
872,2931
872,2930
872,2929
872,2928
872,2927
872,2926
872,2925
872,2924
872,2923
872,2922
872,2921
872,2920
872,2919
872,2918
872,2917
872,2916
872,2915
872,2914
872,2913
872,2912
872,2911
872,2910
872,2909
872,2908
872,2907
872,2906
872,2905
872,2904
872,2903
872,2902
872,2901
872,2900
872,2899
872,2898
872,2897
872,2896
872,2895
872,2894
872,2893
872,2892
872,2891
872,2890
872,2889
872,2888
872,2887
872,2886
872,2885
872,2884
872,2883
872,2882
872,2881
872,2880
872,2879
872,2878
872,2877
872,2876
872,2875
872,2874
872,2873
872,2872
872,2871
872,2870
872,2869
872,2868
872,2867
872,2866
872,2865
872,2864
872,2863
872,2862
872,2861
872,2860
872,2859
872,2858
872,2857
872,2856
872,2855
872,2854
872,2853
872,2852
872,2851
872,2850
872,2849
872,2848
872,2847
872,2846
872,2845
872,2844
872,2843
872,2842
872,2841
872,2840
872,2839
872,2838
872,2837
872,2836
872,2835
872,2834
872,2833
872,2832
872,2831
872,2830
872,2829
872,2828
872,2827
872,2826
872,2825
872,2824
872,2823
872,2822
872,2821
872,2820
872,2819
872,2818
872,2817
872,2816
872,2815
872,2814
872,2813
872,2812
872,2811
872,2810
872,2809
872,2808
872,2807
872,2806
872,2805
872,2804
872,2803
872,2802
872,2801
872,2800
872,2799
872,2798
872,2797
872,2796
872,2795
872,2794
872,2793
872,2792
872,2791
872,2790
872,2789
872,2788
872,2787
872,2786
872,2785
872,2784
872,2783
872,2782
872,2781
872,2780
872,2779
872,2778
872,2777
872,2776
872,2775
872,2774
872,2773
872,2772
872,2771
872,2770
872,2769
872,2768
872,2767
872,2766
872,2765
872,2764
872,2763
872,2762
872,2761
872,2760
872,2759
872,2758
872,2757
872,2756
872,2755
872,2754
872,2753
872,2752
872,2751
872,2750
872,2749
872,2748
872,2747
872,2746
872,2745
872,2744
872,2743
872,2742
872,2741
872,2740
872,2739
872,2738
872,2737
872,2736
872,2735
872,2734
872,2733
872,2732
872,2731
872,2730
872,2729
872,2728
872,2727
872,2726
872,2725
872,2724
872,2723
872,2722
872,2721
872,2720
872,2719
872,2718
872,2717
872,2716
872,2715
872,2714
872,2713
872,2712
872,2711
872,2710
872,2709
872,2708
872,2707
872,2706
872,2705
872,2704
872,2703
872,2702
872,2701
872,2700
872,2699
872,2698
872,2697
872,2696
872,2695
872,2694
872,2693
872,2692
872,2691
872,2690
872,2689
872,2688
872,2687
872,2686
872,2685
872,2684
872,2683
872,2682
872,2681
872,2680
872,2679
872,2678
872,2677
872,2676
872,2675
872,2674
872,2673
872,2672
872,2671
872,2670
872,2669
872,2668
872,2667
872,2666
872,2665
872,2664
872,2663
872,2662
872,2661
872,2660
872,2659
872,2658
872,2657
872,2656
872,2655
872,2654
872,2653
872,2652
872,2651
872,2650
872,2649
872,2648
872,2647
872,2646
872,2645
872,2644
872,2643
872,2642
872,2641
872,2640
872,2639
872,2638
872,2637
872,2636
872,2635
872,2634
872,2633
872,2632
872,2631
872,2630
872,2629
872,2628
872,2627
872,2626
872,2625
872,2624
872,2623
872,2622
872,2621
872,2620
872,2619
872,2618
872,2617
872,2616
872,2615
872,2614
872,2613
872,2612
872,2611
872,2610
872,2609
872,2608
872,2607
872,2606
872,2605
872,2604
872,2603
872,2602
872,2601
872,2600
872,2599
872,2598
872,2597
872,2596
872,2595
872,2594
872,2593
872,2592
872,2591
872,2590
872,2589
872,2588
872,2587
872,2586
872,2585
872,2584
872,2583
872,2582
872,2581
872,2580
872,2579
872,2578
872,2577
872,2576
872,2575
872,2574
872,2573
872,2572
872,2571
872,2570
872,2569
872,2568
872,2567
872,2566
872,2565
872,2564
872,2563
872,2562
872,2561
872,2560
872,2559
872,2558
872,2557
872,2556
872,2555
872,2554
872,2553
872,2552
872,2551
872,2550
872,2549
872,2548
872,2547
872,2546
872,2545
872,2544
872,2543
872,2542
872,2541
872,2540
872,2539
872,2538
872,2537
872,2536
872,2535
872,2534
872,2533
872,2532
872,2531
872,2530
872,2529
872,2528
872,2527
872,2526
872,2525
872,2524
872,2523
872,2522
872,2521
872,2520
872,2519
872,2518
872,2517
872,2516
872,2515
872,2514
872,2513
872,2512
872,2511
872,2510
872,2509
872,2508
872,2507
872,2506
872,2505
872,2504
872,2503
872,2502
872,2501
872,2500
872,2499
872,2498
872,2497
872,2496
872,2495
872,2494
872,2493
872,2492
872,2491
872,2490
872,2489
872,2488
872,2487
872,2486
872,2485
872,2484
872,2483
872,2482
872,2481
872,2480
872,2479
872,2478
872,2477
872,2476
872,2475
872,2474
872,2473
872,2472
872,2471
872,2470
872,2469
872,2468
872,2467
872,2466
872,2465
872,2464
872,2463
872,2462
872,2461
872,2460
872,2459
872,2458
872,2457
872,2456
872,2455
872,2454
872,2453
872,2452
872,2451
872,2450
872,2449
872,2448
872,2447
872,2446
872,2445
872,2444
872,2443
872,2442
872,2441
872,2440
872,2439
872,2438
872,2437
872,2436
872,2435
872,2434
872,2433
872,2432
872,2431
872,2430
872,2429
872,2428
872,2427
872,2426
872,2425
872,2424
872,2423
872,2422
872,2421
872,2420
872,2419
872,2418
872,2417
872,2416
872,2415
872,2414
872,2413
872,2412
872,2411
872,2410
872,2409
872,2408
872,2407
872,2406
872,2405
872,2404
872,2403
872,2402
872,2401
872,2400
872,2399
872,2398
872,2397
872,2396
872,2395
872,2394
872,2393
872,2392
872,2391
872,2390
872,2389
872,2388
872,2387
872,2386
872,2385
872,2384
872,2383
872,2382
872,2381
872,2380
872,2379
872,2378
872,2377
872,2376
872,2375
872,2374
872,2373
872,2372
872,2371
872,2370
872,2369
872,2368
872,2367
872,2366
872,2365
872,2364
872,2363
872,2362
872,2361
872,2360
872,2359
872,2358
872,2357
872,2356
872,2355
872,2354
872,2353
872,2352
872,2351
872,2350
872,2349
872,2348
872,2347
872,2346
872,2345
872,2344
872,2343
872,2342
872,2341
872,2340
872,2339
872,2338
872,2337
872,2336
872,2335
872,2334
872,2333
872,2332
872,2331
872,2330
872,2329
872,2328
872,2327
872,2326
872,2325
872,2324
872,2323
872,2322
872,2321
872,2320
872,2319
872,2318
872,2317
872,2316
872,2315
872,2314
872,2313
872,2312
872,2311
872,2310
872,2309
872,2308
872,2307
872,2306
872,2305
872,2304
872,2303
872,2302
872,2301
872,2300
872,2299
872,2298
872,2297
872,2296
872,2295
872,2294
872,2293
872,2292
872,2291
872,2290
872,2289
872,2288
872,2287
872,2286
872,2285
872,2284
872,2283
872,2282
872,2281
872,2280
872,2279
872,2278
872,2277
872,2276
872,2275
872,2274
872,2273
872,2272
872,2271
872,2270
872,2269
872,2268
872,2267
872,2266
872,2265
872,2264
872,2263
872,2262
872,2261
872,2260
872,2259
872,2258
872,2257
872,2256
872,2255
872,2254
872,2253
872,2252
872,2251
872,2250
872,2249
872,2248
872,2247
872,2246
872,2245
872,2244
872,2243
872,2242
872,2241
872,2240
872,2239
872,2238
872,2237
872,2236
872,2235
872,2234
872,2233
872,2232
872,2231
872,2230
872,2229
872,2228
872,2227
872,2226
872,2225
872,2224
872,2223
872,2222
872,2221
872,2220
872,2219
872,2218
872,2217
872,2216
872,2215
872,2214
872,2213
872,2212
872,2211
872,2210
872,2209
872,2208
872,2207
872,2206
872,2205
872,2204
872,2203
872,2202
872,2201
872,2200
872,2199
872,2198
872,2197
872,2196
872,2195
872,2194
872,2193
872,2192
872,2191
872,2190
872,2189
872,2188
872,2187
872,2186
872,2185
872,2184
872,2183
872,2182
872,2181
872,2180
872,2179
872,2178
872,2177
872,2176
872,2175
872,2174
872,2173
872,2172
872,2171
872,2170
872,2169
872,2168
872,2167
872,2166
872,2165
872,2164
872,2163
872,2162
872,2161
872,2160
872,2159
872,2158
872,2157
872,2156
872,2155
872,2154
872,2153
872,2152
872,2151
872,2150
872,2149
872,2148
872,2147
872,2146
872,2145
872,2144
872,2143
872,2142
872,2141
872,2140
872,2139
872,2138
872,2137
872,2136
872,2135
872,2134
872,2133
872,2132
872,2131
872,2130
872,2129
872,2128
872,2127
872,2126
872,2125
872,2124
872,2123
872,2122
872,2121
872,2120
872,2119
872,2118
872,2117
872,2116
872,2115
872,2114
872,2113
872,2112
872,2111
872,2110
872,2109
872,2108
872,2107
872,2106
872,2105
872,2104
872,2103
872,2102
872,2101
872,2100
872,2099
872,2098
872,2097
872,2096
872,2095
872,2094
872,2093
872,2092
872,2091
872,2090
872,2089
872,2088
872,2087
872,2086
872,2085
872,2084
872,2083
872,2082
872,2081
872,2080
872,2079
872,2078
872,2077
872,2076
872,2075
872,2074
872,2073
872,2072
872,2071
872,2070
872,2069
872,2068
872,2067
872,2066
872,2065
872,2064
872,2063
872,2062
872,2061
872,2060
872,2059
872,2058
872,2057
872,2056
872,2055
872,2054
872,2053
872,2052
872,2051
872,2050
872,2049
872,2048
872,2047
872,2046
872,2045
872,2044
872,2043
872,2042
872,2041
872,2040
872,2039
872,2038
872,2037
872,2036
872,2035
872,2034
872,2033
872,2032
872,2031
872,2030
872,2029
872,2028
872,2027
872,2026
872,2025
872,2024
872,2023
872,2022
872,2021
872,2020
872,2019
872,2018
872,2017
872,2016
872,2015
872,2014
872,2013
872,2012
872,2011
872,2010
872,2009
872,2008
872,2007
872,2006
872,2005
872,2004
872,2003
872,2002
872,2001
872,2000
872,1999
872,1998
872,1997
872,1996
872,1995
872,1994
872,1993
872,1992
872,1991
872,1990
872,1989
872,1988
872,1987
872,1986
872,1985
872,1984
872,1983
872,1982
872,1981
872,1980
872,1979
872,1978
872,1977
872,1976
872,1975
872,1974
872,1973
872,1972
872,1971
872,1970
872,1969
872,1968
872,1967
872,1966
872,1965
872,1964
872,1963
872,1962
872,1961
872,1960
872,1959
872,1958
872,1957
872,1956
872,1955
872,1954
872,1953
872,1952
872,1951
872,1950
872,1949
872,1948
872,1947
872,1946
872,1945
872,1944
872,1943
872,1942
872,1941
872,1940
872,1939
872,1938
872,1937
872,1936
872,1935
872,1934
872,1933
872,1932
872,1931
872,1930
872,1929
872,1928
872,1927
872,1926
872,1925
872,1924
872,1923
872,1922
872,1921
872,1920
872,1919
872,1918
872,1917
872,1916
872,1915
872,1914
872,1913
872,1912
872,1911
872,1910
872,1909
872,1908
872,1907
872,1906
872,1905
872,1904
872,1903
872,1902
872,1901
872,1900
872,1899
872,1898
872,1897
872,1896
872,1895
872,1894
872,1893
872,1892
872,1891
872,1890
872,1889
872,1888
872,1887
872,1886
872,1885
872,1884
872,1883
872,1882
872,1881
872,1880
872,1879
872,1878
872,1877
872,1876
872,1875
872,1874
872,1873
872,1872
872,1871
872,1870
872,1869
872,1868
872,1867
872,1866
872,1865
872,1864
872,1863
872,1862
872,1861
873,1860
874,1859
875,1858
875,1857
876,1856
876,1855
875,1854
874,1853
873,1852
872,1851
872,1850
872,1849
872,1848
872,1847
872,1846
872,1845
872,1844
872,1843
872,1842
872,1841
872,1840
872,1839
872,1838
872,1837
872,1836
872,1835
872,1834
872,1833
872,1832
872,1831
872,1830
872,1829
872,1828
872,1827
872,1826
872,1825
872,1824
872,1823
872,1822
872,1821
872,1820
872,1819
872,1818
872,1817
872,1816
872,1815
872,1814
872,1813
872,1812
872,1811
872,1810
872,1809
872,1808
872,1807
872,1806
872,1805
872,1804
872,1803
872,1802
872,1801
872,1800
872,1799
872,1798
872,1797
872,1796
872,1795
872,1794
872,1793
872,1792
872,1791
872,1790
872,1789
872,1788
872,1787
872,1786
872,1785
872,1784
872,1783
872,1782
872,1781
872,1780
872,1779
872,1778
872,1777
872,1776
872,1775
872,1774
872,1773
872,1772
872,1771
872,1770
872,1769
872,1768
872,1767
872,1766
872,1765
872,1764
872,1763
872,1762
872,1761
872,1760
872,1759
872,1758
872,1757
872,1756
872,1755
872,1754
872,1753
872,1752
872,1751
872,1750
872,1749
872,1748
872,1747
872,1746
872,1745
872,1744
872,1743
872,1742
872,1741
872,1740
872,1739
872,1738
872,1737
872,1736
872,1735
872,1734
872,1733
872,1732
872,1731
872,1730
872,1729
872,1728
872,1727
872,1726
872,1725
872,1724
872,1723
872,1722
872,1721
872,1720
872,1719
872,1718
872,1717
872,1716
872,1715
872,1714
872,1713
872,1712
872,1711
872,1710
872,1709
872,1708
872,1707
872,1706
872,1705
872,1704
872,1703
872,1702
872,1701
872,1700
872,1699
872,1698
872,1697
872,1696
872,1695
872,1694
872,1693
872,1692
872,1691
872,1690
872,1689
872,1688
872,1687
872,1686
872,1685
872,1684
872,1683
872,1682
872,1681
872,1680
872,1679
872,1678
872,1677
872,1676
872,1675
872,1674
872,1673
872,1672
872,1671
872,1670
872,1669
872,1668
872,1667
872,1666
872,1665
872,1664
872,1663
872,1662
872,1661
872,1660
872,1659
872,1658
872,1657
872,1656
872,1655
872,1654
872,1653
872,1652
872,1651
872,1650
872,1649
872,1648
872,1647
872,1646
872,1645
872,1644
872,1643
872,1642
872,1641
872,1640
872,1639
872,1638
872,1637
872,1636
872,1635
872,1634
872,1633
872,1632
872,1631
872,1630
872,1629
872,1628
872,1627
872,1626
872,1625
872,1624
872,1623
872,1622
872,1621
872,1620
872,1619
872,1618
872,1617
872,1616
872,1615
872,1614
872,1613
872,1612
872,1611
872,1610
872,1609
872,1608
872,1607
872,1606
872,1605
872,1604
872,1603
872,1602
872,1601
872,1600
872,1599
872,1598
872,1597
872,1596
872,1595
872,1594
872,1593
872,1592
872,1591
872,1590
872,1589
872,1588
872,1587
872,1586
872,1585
872,1584
872,1583
872,1582
872,1581
872,1580
872,1579
872,1578
872,1577
872,1576
872,1575
872,1574
872,1573
872,1572
872,1571
872,1570
872,1569
872,1568
872,1567
872,1566
872,1565
872,1564
872,1563
872,1562
872,1561
872,1560
872,1559
872,1558
872,1557
872,1556
872,1555
872,1554
872,1553
872,1552
872,1551
872,1550
872,1549
872,1548
872,1547
872,1546
872,1545
872,1544
872,1543
872,1542
872,1541
872,1540
872,1539
872,1538
872,1537
872,1536
872,1535
872,1534
872,1533
872,1532
872,1531
872,1530
872,1529
872,1528
872,1527
872,1526
872,1525
872,1524
872,1523
872,1522
872,1521
872,1520
872,1519
872,1518
872,1517
872,1516
872,1515
872,1514
872,1513
872,1512
872,1511
872,1510
872,1509
872,1508
872,1507
872,1506
872,1505
872,1504
872,1503
872,1502
872,1501
872,1500
872,1499
872,1498
872,1497
872,1496
872,1495
872,1494
872,1493
872,1492
872,1491
872,1490
872,1489
872,1488
872,1487
872,1486
872,1485
872,1484
872,1483
872,1482
872,1481
872,1480
872,1479
872,1478
872,1477
872,1476
872,1475
872,1474
872,1473
872,1472
872,1471
872,1470
872,1469
872,1468
872,1467
872,1466
872,1465
872,1464
872,1463
872,1462
872,1461
872,1460
872,1459
872,1458
872,1457
872,1456
872,1455
872,1454
872,1453
872,1452
872,1451
872,1450
872,1449
872,1448
872,1447
872,1446
872,1445
872,1444
872,1443
872,1442
872,1441
872,1440
872,1439
872,1438
872,1437
872,1436
872,1435
872,1434
872,1433
872,1432
872,1431
872,1430
872,1429
872,1428
872,1427
872,1426
872,1425
872,1424
872,1423
872,1422
872,1421
872,1420
872,1419
872,1418
872,1417
872,1416
872,1415
872,1414
872,1413
872,1412
872,1411
872,1410
872,1409
872,1408
872,1407
872,1406
872,1405
872,1404
872,1403
872,1402
872,1401
872,1400
872,1399
872,1398
872,1397
872,1396
872,1395
872,1394
872,1393
872,1392
872,1391
872,1390
872,1389
872,1388
872,1387
872,1386
872,1385
872,1384
872,1383
872,1382
872,1381
872,1380
872,1379
872,1378
872,1377
872,1376
872,1375
872,1374
872,1373
872,1372
872,1371
872,1370
872,1369
872,1368
872,1367
872,1366
872,1365
872,1364
872,1363
872,1362
872,1361
872,1360
872,1359
872,1358
872,1357
872,1356
872,1355
872,1354
872,1353
872,1352
872,1351
872,1350
872,1349
872,1348
872,1347
872,1346
872,1345
872,1344
872,1343
872,1342
872,1341
872,1340
872,1339
872,1338
872,1337
872,1336
872,1335
872,1334
872,1333
872,1332
872,1331
872,1330
872,1329
872,1328
872,1327
872,1326
872,1325
872,1324
872,1323
872,1322
872,1321
872,1320
872,1319
872,1318
872,1317
872,1316
872,1315
872,1314
872,1313
872,1312
872,1311
872,1310
872,1309
872,1308
872,1307
872,1306
872,1305
872,1304
872,1303
872,1302
872,1301
872,1300
872,1299
872,1298
872,1297
872,1296
872,1295
872,1294
872,1293
872,1292
872,1291
872,1290
872,1289
872,1288
872,1287
872,1286
872,1285
872,1284
872,1283
872,1282
872,1281
872,1280
872,1279
872,1278
872,1277
872,1276
872,1275
872,1274
872,1273
872,1272
872,1271
872,1270
872,1269
872,1268
872,1267
872,1266
872,1265
872,1264
872,1263
872,1262
872,1261
872,1260
872,1259
872,1258
872,1257
872,1256
872,1255
872,1254
872,1253
872,1252
872,1251
872,1250
872,1249
872,1248
872,1247
872,1246
872,1245
872,1244
872,1243
872,1242
872,1241
872,1240
872,1239
872,1238
872,1237
872,1236
872,1235
872,1234
872,1233
872,1232
872,1231
872,1230
872,1229
872,1228
872,1227
872,1226
872,1225
872,1224
872,1223
872,1222
872,1221
872,1220
872,1219
872,1218
872,1217
872,1216
872,1215
872,1214
872,1213
872,1212
872,1211
872,1210
872,1209
872,1208
872,1207
872,1206
872,1205
872,1204
872,1203
872,1202
872,1201
872,1200
872,1199
872,1198
872,1197
872,1196
872,1195
872,1194
872,1193
872,1192
872,1191
872,1190
872,1189
872,1188
872,1187
872,1186
872,1185
872,1184
872,1183
872,1182
872,1181
872,1180
872,1179
872,1178
872,1177
872,1176
872,1175
872,1174
872,1173
872,1172
872,1171
872,1170
872,1169
872,1168
872,1167
872,1166
872,1165
872,1164
872,1163
872,1162
872,1161
872,1160
872,1159
872,1158
872,1157
872,1156
872,1155
872,1154
872,1153
872,1152
872,1151
872,1150
872,1149
872,1148
872,1147
872,1146
872,1145
872,1144
872,1143
872,1142
872,1141
872,1140
872,1139
872,1138
872,1137
872,1136
872,1135
872,1134
872,1133
872,1132
872,1131
872,1130
872,1129
872,1128
872,1127
872,1126
872,1125
872,1124
872,1123
872,1122
872,1121
872,1120
872,1119
872,1118
872,1117
872,1116
872,1115
872,1114
872,1113
872,1112
872,1111
872,1110
872,1109
872,1108
872,1107
872,1106
872,1105
872,1104
872,1103
872,1102
872,1101
872,1100
872,1099
872,1098
872,1097
872,1096
872,1095
872,1094
872,1093
872,1092
872,1091
872,1090
872,1089
872,1088
872,1087
872,1086
872,1085
872,1084
872,1083
872,1082
872,1081
872,1080
872,1079
872,1078
872,1077
872,1076
872,1075
872,1074
872,1073
872,1072
872,1071
872,1070
872,1069
872,1068
872,1067
872,1066
872,1065
872,1064
872,1063
872,1062
872,1061
872,1060
872,1059
872,1058
872,1057
872,1056
872,1055
872,1054
872,1053
872,1052
872,1051
872,1050
872,1049
872,1048
872,1047
872,1046
872,1045
872,1044
872,1043
872,1042
872,1041
872,1040
872,1039
872,1038
872,1037
872,1036
872,1035
872,1034
872,1033
872,1032
872,1031
872,1030
872,1029
872,1028
872,1027
872,1026
872,1025
872,1024
872,1023
872,1022
872,1021
872,1020
872,1019
872,1018
872,1017
872,1016
872,1015
872,1014
872,1013
872,1012
872,1011
872,1010
872,1009
872,1008
872,1007
872,1006
872,1005
872,1004
872,1003
872,1002
872,1001
872,1000
872,999
872,998
872,997
872,996
872,995
872,994
872,993
872,992
872,991
872,990
872,989
872,988
872,987
872,986
872,985
872,984
872,983
872,982
872,981
872,980
872,979
872,978
872,977
872,976
872,975
872,974
872,973
872,972
872,971
872,970
872,969
872,968
872,967
872,966
872,965
872,964
872,963
872,962
872,961
872,960
872,959
872,958
872,957
872,956
872,955
872,954
872,953
872,952
872,951
872,950
872,949
872,948
872,947
872,946
872,945
872,944
872,943
872,942
872,941
872,940
872,939
872,938
872,937
872,936
872,935
872,934
872,933
872,932
872,931
872,930
872,929
872,928
872,927
872,926
872,925
872,924
872,923
872,922
872,921
872,920
872,919
872,918
872,917
872,916
872,915
872,914
872,913
872,912
872,911
872,910
872,909
872,908
872,907
872,906
872,905
872,904
872,903
872,902
872,901
872,900
872,899
872,898
872,897
872,896
872,895
872,894
872,893
872,892
872,891
872,890
872,889
872,888
872,887
872,886
872,885
872,884
872,883
872,882
872,881
872,880
872,879
872,878
872,877
872,876
872,875
872,874
872,873
872,872
872,871
872,870
872,869
872,868
872,867
872,866
872,865
872,864
872,863
872,862
872,861
872,860
872,859
872,858
872,857
872,856
872,855
872,854
872,853
872,852
872,851
872,850
872,849
872,848
872,847
872,846
872,845
872,844
872,843
872,842
872,841
872,840
872,839
872,838
872,837
872,836
872,835
872,834
872,833
872,832
872,831
872,830
872,829
872,828
872,827
872,826
872,825
872,824
872,823
872,822
872,821
872,820
872,819
872,818
872,817
872,816
872,815
872,814
872,813
872,812
872,811
872,810
872,809
872,808
872,807
872,806
872,805
872,804
872,803
872,802
872,801
872,800
872,799
872,798
872,797
872,796
872,795
872,794
872,793
872,792
872,791
872,790
872,789
872,788
872,787
872,786
872,785
872,784
872,783
872,782
872,781
872,780
872,779
872,778
872,777
872,776
872,775
872,774
872,773
872,772
872,771
872,770
872,769
872,768
872,767
872,766
872,765
872,764
872,763
872,762
872,761
872,760
872,759
872,758
872,757
872,756
872,755
872,754
872,753
872,752
872,751
872,750
872,749
872,748
872,747
872,746
872,745
872,744
872,743
872,742
872,741
872,740
872,739
872,738
872,737
872,736
872,735
872,734
872,733
872,732
872,731
872,730
872,729
872,728
872,727
872,726
872,725
872,724
872,723
872,722
872,721
872,720
872,719
872,718
872,717
872,716
872,715
872,714
872,713
872,712
872,711
872,710
872,709
872,708
872,707
872,706
872,705
872,704
872,703
872,702
872,701
872,700
872,699
872,698
872,697
872,696
872,695
872,694
872,693
872,692
872,691
872,690
872,689
872,688
872,687
872,686
872,685
872,684
872,683
872,682
872,681
872,680
872,679
872,678
872,677
872,676
872,675
872,674
872,673
872,672
872,671
872,670
872,669
872,668
872,667
872,666
872,665
872,664
872,663
872,662
872,661
872,660
872,659
872,658
872,657
872,656
872,655
872,654
872,653
872,652
872,651
872,650
872,649
872,648
872,647
872,646
872,645
872,644
872,643
872,642
872,641
872,640
872,639
872,638
872,637
872,636
872,635
872,634
872,633
872,632
872,631
872,630
872,629
872,628
872,627
872,626
872,625
872,624
872,623
872,622
872,621
872,620
872,619
872,618
872,617
872,616
872,615
872,614
872,613
872,612
872,611
872,610
872,609
872,608
872,607
872,606
872,605
872,604
872,603
872,602
872,601
872,600
872,599
872,598
872,597
872,596
872,595
872,594
872,593
872,592
872,591
872,590
872,589
872,588
872,587
872,586
872,585
872,584
872,583
872,582
872,581
872,580
872,579
872,578
872,577
872,576
872,575
872,574
872,573
872,572
872,571
872,570
872,569
872,568
872,567
872,566
872,565
872,564
872,563
872,562
872,561
872,560
872,559
872,558
872,557
872,556
872,555
872,554
872,553
872,552
872,551
872,550
872,549
872,548
872,547
872,546
872,545
872,544
872,543
872,542
872,541
872,540
872,539
872,538
872,537
872,536
872,535
872,534
872,533
872,532
872,531
872,530
872,529
872,528
872,527
872,526
872,525
872,524
872,523
872,522
872,521
872,520
872,519
872,518
872,517
872,516
872,515
872,514
872,513
872,512
872,511
872,510
872,509
872,508
872,507
872,506
872,505
872,504
872,503
872,502
872,501
872,500
872,499
872,498
872,497
872,496
872,495
872,494
872,493
872,492
872,491
872,490
872,489
872,488
872,487
872,486
872,485
872,484
872,483
872,482
872,481
872,480
872,479
872,478
872,477
872,476
872,475
872,474
872,473
872,472
872,471
872,470
872,469
872,468
872,467
872,466
872,465
872,464
872,463
872,462
872,461
872,460
872,459
872,458
872,457
872,456
872,455
872,454
872,453
872,452
872,451
872,450
872,449
872,448
872,447
872,446
872,445
872,444
872,443
872,442
872,441
872,440
872,439
872,438
872,437
872,436
872,435
872,434
872,433
872,432
872,431
872,430
872,429
872,428
872,427
872,426
872,425
872,424
872,423
872,422
872,421
872,420
872,419
872,418
872,417
872,416
872,415
872,414
872,413
872,412
872,411
872,410
872,409
872,408
872,407
872,406
872,405
872,404
872,403
872,402
872,401
872,400
872,399
872,398
872,397
872,396
872,395
872,394
872,393
872,392
872,391
872,390
872,389
872,388
872,387
872,386
872,385
872,384
872,383
872,382
872,381
872,380
872,379
872,378
872,377
872,376
872,375
872,374
872,373
872,372
872,371
872,370
872,369
872,368
872,367
872,366
872,365
872,364
872,363
872,362
872,361
872,360
872,359
872,358
872,357
872,356
872,355
872,354
872,353
872,352
872,351
872,350
872,349
872,348
872,347
872,346
872,345
872,344
872,343
872,342
872,341
872,340
872,339
872,338
872,337
872,336
872,335
872,334
872,333
872,332
872,331
872,330
872,329
872,328
872,327
872,326
872,325
872,324
872,323
872,322
872,321
872,320
872,319
872,318
872,317
872,316
872,315
872,314
872,313
872,312
872,311
872,310
872,309
872,308
872,307
872,306
872,305
872,304
872,303
872,302
872,301
872,300
872,299
872,298
872,297
872,296
872,295
872,294
872,293
872,292
872,291
872,290
872,289
872,288
872,287
872,286
872,285
872,284
872,283
872,282
872,281
872,280
872,279
872,278
872,277
872,276
872,275
872,274
872,273
872,272
872,271
872,270
872,269
872,268
872,267
872,266
872,265
872,264
872,263
872,262
872,261
872,260
872,259
872,258
872,257
872,256
872,255
872,254
872,253
872,252
872,251
872,250
872,249
872,248
872,247
872,246
872,245
872,244
872,243
872,242
872,241
872,240
872,239
872,238
872,237
872,236
872,235
872,234
872,233
872,232
872,231
872,230
872,229
872,228
872,227
872,226
872,225
872,224
872,223
872,222
872,221
872,220
872,219
872,218
872,217
872,216
872,215
872,214
872,213
872,212
872,211
872,210
872,209
872,208
872,207
872,206
872,205
872,204
872,203
872,202
872,201
872,200
872,199
872,198
872,197
872,196
872,195
872,194
872,193
872,192
872,191
872,190
872,189
872,188
872,187
872,186
872,185
872,184
872,183
872,182
872,181
872,180
872,179
872,178
872,177
872,176
872,175
872,174
872,173
872,172
872,171
872,170
872,169
872,168
872,167
872,166
872,165
872,164
872,163
872,162
872,161
872,160
872,159
872,158
872,157
872,156
872,155
872,154
872,153
872,152
872,151
872,150
872,149
872,148
872,147
872,146
872,145
872,144
872,143
872,142
872,141
872,140
872,139
872,138
872,137
872,136
872,135
872,134
872,133
872,132
872,131
872,130
872,129
872,128
872,127
872,126
872,125
872,124
872,123
872,122
872,121
872,120
872,119
872,118
872,117
872,116
872,115
872,114
872,113
872,112
872,111
872,110
872,109
872,108
872,107
872,106
872,105
872,104
872,103
872,102
872,101
872,100
872,99
872,98
872,97
872,96
872,95
872,94
872,93
872,92
872,91
872,90
872,89
872,88
872,87
872,86
872,85
872,84
872,83
872,82
872,81
872,80
872,79
872,78
872,77
872,76
872,75
872,74
872,73
872,72
872,71
872,70
872,69
872,68
872,67
872,66
872,65
872,64
872,63
872,62
872,61
872,60
872,59
872,58
872,57
872,56
872,55
872,54
872,53
872,52
872,51
872,50
872,49
872,48
872,47
872,46
872,45
872,44
872,43
872,42
872,41
872,40
872,39
872,38
872,37
872,36
872,35
872,34
872,33
872,32
872,31
872,30
872,29
872,28
872,27
872,26
872,25
872,24
872,23
872,22
872,21
872,20
872,19
872,18
872,17
872,16
872,15
872,14
872,13
872,12
872,11
872,10
872,9
872,8
872,7
872,6
872,5
872,4
872,3
872,2
872,1
