867,3599
867,3598
867,3597
867,3596
867,3595
867,3594
867,3593
867,3592
867,3591
867,3590
867,3589
867,3588
867,3587
867,3586
867,3585
867,3584
867,3583
867,3582
867,3581
867,3580
867,3579
867,3578
867,3577
867,3576
867,3575
867,3574
867,3573
867,3572
867,3571
867,3570
867,3569
867,3568
867,3567
867,3566
867,3565
867,3564
867,3563
867,3562
867,3561
867,3560
867,3559
867,3558
867,3557
867,3556
867,3555
867,3554
867,3553
867,3552
867,3551
867,3550
867,3549
867,3548
867,3547
867,3546
867,3545
867,3544
867,3543
867,3542
867,3541
867,3540
867,3539
867,3538
867,3537
867,3536
867,3535
867,3534
867,3533
867,3532
867,3531
867,3530
867,3529
867,3528
867,3527
867,3526
867,3525
867,3524
867,3523
867,3522
867,3521
867,3520
867,3519
867,3518
867,3517
867,3516
867,3515
867,3514
867,3513
867,3512
867,3511
867,3510
867,3509
867,3508
867,3507
867,3506
867,3505
867,3504
867,3503
867,3502
867,3501
867,3500
867,3499
867,3498
867,3497
867,3496
867,3495
867,3494
867,3493
867,3492
867,3491
867,3490
867,3489
867,3488
867,3487
867,3486
867,3485
867,3484
867,3483
867,3482
867,3481
867,3480
867,3479
867,3478
867,3477
867,3476
867,3475
867,3474
867,3473
867,3472
867,3471
867,3470
867,3469
867,3468
867,3467
867,3466
867,3465
867,3464
867,3463
867,3462
867,3461
867,3460
867,3459
867,3458
867,3457
867,3456
867,3455
867,3454
867,3453
867,3452
867,3451
867,3450
867,3449
867,3448
867,3447
867,3446
867,3445
867,3444
867,3443
867,3442
867,3441
867,3440
867,3439
867,3438
867,3437
867,3436
867,3435
867,3434
867,3433
867,3432
867,3431
867,3430
867,3429
867,3428
867,3427
867,3426
867,3425
867,3424
867,3423
867,3422
867,3421
867,3420
867,3419
867,3418
867,3417
867,3416
867,3415
867,3414
867,3413
867,3412
867,3411
867,3410
867,3409
867,3408
867,3407
867,3406
867,3405
867,3404
867,3403
867,3402
867,3401
867,3400
867,3399
867,3398
867,3397
867,3396
867,3395
867,3394
867,3393
867,3392
867,3391
867,3390
867,3389
867,3388
867,3387
867,3386
867,3385
867,3384
867,3383
867,3382
867,3381
867,3380
867,3379
867,3378
867,3377
867,3376
867,3375
867,3374
867,3373
867,3372
867,3371
867,3370
867,3369
867,3368
867,3367
867,3366
867,3365
867,3364
867,3363
867,3362
867,3361
867,3360
867,3359
867,3358
867,3357
867,3356
867,3355
867,3354
867,3353
867,3352
867,3351
867,3350
867,3349
867,3348
867,3347
867,3346
867,3345
867,3344
867,3343
867,3342
867,3341
867,3340
867,3339
867,3338
867,3337
867,3336
867,3335
867,3334
867,3333
867,3332
867,3331
867,3330
867,3329
867,3328
867,3327
867,3326
867,3325
867,3324
867,3323
867,3322
867,3321
867,3320
867,3319
867,3318
867,3317
867,3316
867,3315
867,3314
867,3313
867,3312
867,3311
867,3310
867,3309
867,3308
867,3307
867,3306
867,3305
867,3304
867,3303
867,3302
867,3301
867,3300
867,3299
867,3298
867,3297
867,3296
867,3295
867,3294
867,3293
867,3292
867,3291
867,3290
867,3289
867,3288
867,3287
867,3286
867,3285
867,3284
867,3283
867,3282
867,3281
867,3280
867,3279
867,3278
867,3277
867,3276
867,3275
867,3274
867,3273
867,3272
867,3271
867,3270
867,3269
867,3268
867,3267
867,3266
867,3265
867,3264
867,3263
867,3262
867,3261
867,3260
867,3259
867,3258
867,3257
867,3256
867,3255
867,3254
867,3253
867,3252
867,3251
867,3250
867,3249
867,3248
867,3247
867,3246
867,3245
867,3244
867,3243
867,3242
867,3241
867,3240
867,3239
867,3238
867,3237
867,3236
867,3235
867,3234
867,3233
867,3232
867,3231
867,3230
867,3229
867,3228
867,3227
867,3226
867,3225
867,3224
867,3223
867,3222
867,3221
867,3220
867,3219
867,3218
867,3217
867,3216
867,3215
867,3214
867,3213
867,3212
867,3211
867,3210
867,3209
867,3208
867,3207
867,3206
867,3205
867,3204
867,3203
867,3202
867,3201
867,3200
867,3199
867,3198
867,3197
867,3196
867,3195
867,3194
867,3193
867,3192
867,3191
867,3190
867,3189
867,3188
867,3187
867,3186
867,3185
867,3184
867,3183
867,3182
867,3181
867,3180
867,3179
867,3178
867,3177
867,3176
867,3175
867,3174
867,3173
867,3172
867,3171
867,3170
867,3169
867,3168
867,3167
867,3166
867,3165
867,3164
867,3163
867,3162
867,3161
867,3160
867,3159
867,3158
867,3157
867,3156
867,3155
867,3154
867,3153
867,3152
867,3151
867,3150
867,3149
867,3148
867,3147
867,3146
867,3145
867,3144
867,3143
867,3142
867,3141
867,3140
867,3139
867,3138
867,3137
867,3136
867,3135
867,3134
867,3133
867,3132
867,3131
867,3130
867,3129
867,3128
867,3127
867,3126
867,3125
867,3124
867,3123
867,3122
867,3121
867,3120
867,3119
867,3118
867,3117
867,3116
867,3115
867,3114
867,3113
867,3112
867,3111
867,3110
867,3109
867,3108
867,3107
867,3106
867,3105
867,3104
867,3103
867,3102
867,3101
867,3100
867,3099
867,3098
867,3097
867,3096
867,3095
867,3094
867,3093
867,3092
867,3091
867,3090
867,3089
867,3088
867,3087
867,3086
867,3085
867,3084
867,3083
867,3082
867,3081
867,3080
867,3079
867,3078
867,3077
867,3076
867,3075
867,3074
867,3073
867,3072
867,3071
867,3070
867,3069
867,3068
867,3067
867,3066
867,3065
867,3064
867,3063
867,3062
867,3061
867,3060
867,3059
867,3058
867,3057
867,3056
867,3055
867,3054
867,3053
867,3052
867,3051
867,3050
867,3049
867,3048
867,3047
867,3046
867,3045
867,3044
867,3043
867,3042
867,3041
867,3040
867,3039
867,3038
867,3037
867,3036
867,3035
867,3034
867,3033
867,3032
867,3031
867,3030
867,3029
867,3028
867,3027
867,3026
867,3025
867,3024
867,3023
867,3022
867,3021
867,3020
867,3019
867,3018
867,3017
867,3016
867,3015
867,3014
867,3013
867,3012
867,3011
867,3010
867,3009
867,3008
867,3007
867,3006
867,3005
867,3004
867,3003
867,3002
867,3001
867,3000
867,2999
867,2998
867,2997
867,2996
867,2995
867,2994
867,2993
867,2992
867,2991
867,2990
867,2989
867,2988
867,2987
867,2986
867,2985
867,2984
867,2983
867,2982
867,2981
867,2980
867,2979
867,2978
867,2977
867,2976
867,2975
867,2974
867,2973
867,2972
867,2971
867,2970
867,2969
867,2968
867,2967
867,2966
867,2965
867,2964
867,2963
867,2962
867,2961
867,2960
867,2959
867,2958
867,2957
867,2956
867,2955
867,2954
867,2953
867,2952
867,2951
867,2950
867,2949
867,2948
867,2947
867,2946
867,2945
867,2944
867,2943
867,2942
867,2941
867,2940
867,2939
867,2938
867,2937
867,2936
867,2935
867,2934
867,2933
867,2932
867,2931
867,2930
867,2929
867,2928
867,2927
867,2926
867,2925
867,2924
867,2923
867,2922
867,2921
867,2920
867,2919
867,2918
867,2917
867,2916
867,2915
867,2914
867,2913
867,2912
867,2911
867,2910
867,2909
867,2908
867,2907
867,2906
867,2905
867,2904
867,2903
867,2902
867,2901
867,2900
867,2899
867,2898
867,2897
867,2896
867,2895
867,2894
867,2893
867,2892
867,2891
867,2890
867,2889
867,2888
867,2887
867,2886
867,2885
867,2884
867,2883
867,2882
867,2881
867,2880
867,2879
867,2878
867,2877
867,2876
867,2875
867,2874
867,2873
867,2872
867,2871
867,2870
867,2869
867,2868
867,2867
867,2866
867,2865
867,2864
867,2863
867,2862
867,2861
867,2860
867,2859
867,2858
867,2857
867,2856
867,2855
867,2854
867,2853
867,2852
867,2851
867,2850
867,2849
867,2848
867,2847
867,2846
867,2845
867,2844
867,2843
867,2842
867,2841
867,2840
867,2839
867,2838
867,2837
867,2836
867,2835
867,2834
867,2833
867,2832
867,2831
867,2830
867,2829
867,2828
867,2827
867,2826
867,2825
867,2824
867,2823
867,2822
867,2821
867,2820
867,2819
867,2818
867,2817
867,2816
867,2815
867,2814
867,2813
867,2812
867,2811
867,2810
867,2809
867,2808
867,2807
867,2806
867,2805
867,2804
867,2803
867,2802
867,2801
867,2800
867,2799
867,2798
867,2797
867,2796
867,2795
867,2794
867,2793
867,2792
867,2791
867,2790
867,2789
867,2788
867,2787
867,2786
867,2785
867,2784
867,2783
867,2782
867,2781
867,2780
867,2779
867,2778
867,2777
867,2776
867,2775
867,2774
867,2773
867,2772
867,2771
867,2770
867,2769
867,2768
867,2767
867,2766
867,2765
867,2764
867,2763
867,2762
867,2761
867,2760
867,2759
867,2758
867,2757
867,2756
867,2755
867,2754
867,2753
867,2752
867,2751
867,2750
867,2749
867,2748
867,2747
867,2746
867,2745
867,2744
867,2743
867,2742
867,2741
867,2740
867,2739
867,2738
867,2737
867,2736
867,2735
867,2734
867,2733
867,2732
867,2731
867,2730
867,2729
867,2728
867,2727
867,2726
867,2725
867,2724
867,2723
867,2722
867,2721
867,2720
867,2719
867,2718
867,2717
867,2716
867,2715
867,2714
867,2713
867,2712
867,2711
867,2710
867,2709
867,2708
867,2707
867,2706
867,2705
867,2704
867,2703
867,2702
867,2701
867,2700
867,2699
867,2698
867,2697
867,2696
867,2695
867,2694
867,2693
867,2692
867,2691
867,2690
867,2689
867,2688
867,2687
867,2686
867,2685
867,2684
867,2683
867,2682
867,2681
867,2680
867,2679
867,2678
867,2677
867,2676
867,2675
867,2674
867,2673
867,2672
867,2671
867,2670
867,2669
867,2668
867,2667
867,2666
867,2665
867,2664
867,2663
867,2662
867,2661
867,2660
867,2659
867,2658
867,2657
867,2656
867,2655
867,2654
867,2653
867,2652
867,2651
867,2650
867,2649
867,2648
867,2647
867,2646
867,2645
867,2644
867,2643
867,2642
867,2641
867,2640
867,2639
867,2638
867,2637
867,2636
867,2635
867,2634
867,2633
867,2632
867,2631
867,2630
867,2629
867,2628
867,2627
867,2626
867,2625
867,2624
867,2623
867,2622
867,2621
867,2620
867,2619
867,2618
867,2617
867,2616
867,2615
867,2614
867,2613
867,2612
867,2611
867,2610
867,2609
867,2608
867,2607
867,2606
867,2605
867,2604
867,2603
867,2602
867,2601
867,2600
867,2599
867,2598
867,2597
867,2596
867,2595
867,2594
867,2593
867,2592
867,2591
867,2590
867,2589
867,2588
867,2587
867,2586
867,2585
867,2584
867,2583
867,2582
867,2581
867,2580
867,2579
867,2578
867,2577
867,2576
867,2575
867,2574
867,2573
867,2572
867,2571
867,2570
867,2569
867,2568
867,2567
867,2566
867,2565
867,2564
867,2563
867,2562
867,2561
867,2560
867,2559
867,2558
867,2557
867,2556
867,2555
867,2554
867,2553
867,2552
867,2551
867,2550
867,2549
867,2548
867,2547
867,2546
867,2545
867,2544
867,2543
867,2542
867,2541
867,2540
867,2539
867,2538
867,2537
867,2536
867,2535
867,2534
867,2533
867,2532
867,2531
867,2530
867,2529
867,2528
867,2527
867,2526
867,2525
867,2524
867,2523
867,2522
867,2521
867,2520
867,2519
867,2518
867,2517
867,2516
867,2515
867,2514
867,2513
867,2512
867,2511
867,2510
867,2509
867,2508
867,2507
867,2506
867,2505
867,2504
867,2503
867,2502
867,2501
867,2500
867,2499
867,2498
867,2497
867,2496
867,2495
867,2494
867,2493
867,2492
867,2491
867,2490
867,2489
867,2488
867,2487
867,2486
867,2485
867,2484
867,2483
867,2482
867,2481
867,2480
867,2479
867,2478
867,2477
867,2476
867,2475
867,2474
867,2473
867,2472
867,2471
867,2470
867,2469
867,2468
867,2467
867,2466
867,2465
867,2464
867,2463
867,2462
867,2461
867,2460
867,2459
867,2458
867,2457
867,2456
867,2455
867,2454
867,2453
867,2452
867,2451
867,2450
867,2449
867,2448
867,2447
867,2446
867,2445
867,2444
867,2443
867,2442
867,2441
867,2440
867,2439
867,2438
867,2437
867,2436
867,2435
867,2434
867,2433
867,2432
867,2431
867,2430
867,2429
867,2428
867,2427
867,2426
867,2425
867,2424
867,2423
867,2422
867,2421
867,2420
867,2419
867,2418
867,2417
867,2416
867,2415
867,2414
867,2413
867,2412
867,2411
867,2410
867,2409
867,2408
867,2407
867,2406
867,2405
867,2404
867,2403
867,2402
867,2401
867,2400
867,2399
867,2398
867,2397
867,2396
867,2395
867,2394
867,2393
867,2392
867,2391
867,2390
867,2389
867,2388
867,2387
867,2386
867,2385
867,2384
867,2383
867,2382
867,2381
867,2380
867,2379
867,2378
867,2377
867,2376
867,2375
867,2374
867,2373
867,2372
867,2371
867,2370
867,2369
867,2368
867,2367
867,2366
867,2365
867,2364
867,2363
867,2362
867,2361
867,2360
867,2359
867,2358
867,2357
867,2356
867,2355
867,2354
867,2353
867,2352
867,2351
867,2350
867,2349
867,2348
867,2347
867,2346
867,2345
867,2344
867,2343
867,2342
867,2341
867,2340
867,2339
867,2338
867,2337
867,2336
867,2335
867,2334
867,2333
867,2332
867,2331
867,2330
867,2329
867,2328
867,2327
867,2326
867,2325
867,2324
867,2323
867,2322
867,2321
867,2320
867,2319
867,2318
867,2317
867,2316
867,2315
867,2314
867,2313
867,2312
867,2311
867,2310
867,2309
867,2308
867,2307
867,2306
867,2305
867,2304
867,2303
867,2302
867,2301
867,2300
867,2299
867,2298
867,2297
867,2296
867,2295
867,2294
867,2293
867,2292
867,2291
867,2290
867,2289
867,2288
867,2287
867,2286
867,2285
867,2284
867,2283
867,2282
867,2281
867,2280
867,2279
867,2278
867,2277
867,2276
867,2275
867,2274
867,2273
867,2272
867,2271
867,2270
867,2269
867,2268
867,2267
867,2266
867,2265
867,2264
867,2263
867,2262
867,2261
867,2260
867,2259
867,2258
867,2257
867,2256
867,2255
867,2254
867,2253
867,2252
867,2251
867,2250
867,2249
867,2248
867,2247
867,2246
867,2245
867,2244
867,2243
867,2242
867,2241
867,2240
867,2239
867,2238
867,2237
867,2236
867,2235
867,2234
867,2233
867,2232
867,2231
867,2230
867,2229
867,2228
867,2227
867,2226
867,2225
867,2224
867,2223
867,2222
867,2221
867,2220
867,2219
867,2218
867,2217
867,2216
867,2215
867,2214
867,2213
867,2212
867,2211
867,2210
867,2209
867,2208
867,2207
867,2206
867,2205
867,2204
867,2203
867,2202
867,2201
867,2200
867,2199
867,2198
867,2197
867,2196
867,2195
867,2194
867,2193
867,2192
867,2191
867,2190
867,2189
867,2188
867,2187
867,2186
867,2185
867,2184
867,2183
867,2182
867,2181
867,2180
867,2179
867,2178
867,2177
867,2176
867,2175
867,2174
867,2173
867,2172
867,2171
867,2170
867,2169
867,2168
867,2167
867,2166
867,2165
867,2164
867,2163
867,2162
867,2161
867,2160
867,2159
867,2158
867,2157
867,2156
867,2155
867,2154
867,2153
867,2152
867,2151
867,2150
867,2149
867,2148
867,2147
867,2146
867,2145
867,2144
867,2143
867,2142
867,2141
867,2140
867,2139
867,2138
867,2137
867,2136
867,2135
867,2134
867,2133
867,2132
867,2131
867,2130
867,2129
867,2128
867,2127
867,2126
867,2125
867,2124
867,2123
867,2122
867,2121
867,2120
867,2119
867,2118
867,2117
867,2116
867,2115
867,2114
867,2113
867,2112
867,2111
867,2110
867,2109
867,2108
867,2107
867,2106
867,2105
867,2104
867,2103
867,2102
867,2101
867,2100
867,2099
867,2098
867,2097
867,2096
867,2095
867,2094
867,2093
867,2092
867,2091
867,2090
867,2089
867,2088
867,2087
867,2086
867,2085
867,2084
867,2083
867,2082
867,2081
867,2080
867,2079
867,2078
867,2077
867,2076
867,2075
867,2074
867,2073
867,2072
867,2071
867,2070
867,2069
867,2068
867,2067
867,2066
867,2065
867,2064
867,2063
867,2062
867,2061
867,2060
867,2059
867,2058
867,2057
867,2056
867,2055
867,2054
867,2053
867,2052
867,2051
867,2050
867,2049
867,2048
867,2047
867,2046
867,2045
867,2044
867,2043
867,2042
867,2041
867,2040
867,2039
867,2038
867,2037
867,2036
867,2035
867,2034
867,2033
867,2032
867,2031
867,2030
867,2029
867,2028
867,2027
867,2026
867,2025
867,2024
867,2023
867,2022
867,2021
867,2020
867,2019
867,2018
867,2017
867,2016
867,2015
867,2014
867,2013
867,2012
867,2011
867,2010
867,2009
867,2008
867,2007
867,2006
867,2005
867,2004
867,2003
867,2002
867,2001
867,2000
867,1999
867,1998
867,1997
867,1996
867,1995
867,1994
867,1993
867,1992
867,1991
867,1990
867,1989
867,1988
867,1987
867,1986
867,1985
867,1984
867,1983
867,1982
867,1981
867,1980
867,1979
867,1978
867,1977
867,1976
867,1975
867,1974
867,1973
867,1972
867,1971
867,1970
867,1969
867,1968
867,1967
867,1966
867,1965
867,1964
867,1963
867,1962
867,1961
867,1960
867,1959
867,1958
867,1957
867,1956
867,1955
867,1954
867,1953
867,1952
867,1951
867,1950
867,1949
867,1948
867,1947
867,1946
867,1945
867,1944
867,1943
867,1942
867,1941
867,1940
867,1939
867,1938
867,1937
867,1936
867,1935
867,1934
867,1933
867,1932
867,1931
867,1930
867,1929
867,1928
867,1927
867,1926
867,1925
867,1924
867,1923
867,1922
867,1921
867,1920
867,1919
867,1918
867,1917
867,1916
867,1915
867,1914
867,1913
867,1912
867,1911
867,1910
867,1909
867,1908
867,1907
867,1906
867,1905
867,1904
867,1903
867,1902
867,1901
867,1900
867,1899
867,1898
867,1897
867,1896
867,1895
867,1894
867,1893
867,1892
867,1891
867,1890
867,1889
867,1888
867,1887
867,1886
867,1885
867,1884
867,1883
867,1882
867,1881
867,1880
867,1879
867,1878
867,1877
867,1876
867,1875
867,1874
867,1873
867,1872
867,1871
867,1870
867,1869
867,1868
867,1867
867,1866
867,1865
867,1864
867,1863
867,1862
867,1861
867,1860
867,1859
867,1858
867,1857
867,1856
867,1855
867,1854
867,1853
867,1852
867,1851
867,1850
867,1849
867,1848
867,1847
867,1846
867,1845
867,1844
867,1843
867,1842
867,1841
867,1840
867,1839
867,1838
867,1837
867,1836
867,1835
867,1834
867,1833
867,1832
867,1831
867,1830
867,1829
867,1828
867,1827
867,1826
867,1825
867,1824
867,1823
867,1822
867,1821
867,1820
867,1819
867,1818
867,1817
867,1816
867,1815
867,1814
867,1813
867,1812
867,1811
867,1810
867,1809
867,1808
867,1807
867,1806
867,1805
867,1804
867,1803
867,1802
867,1801
867,1800
867,1799
867,1798
867,1797
867,1796
867,1795
867,1794
867,1793
867,1792
867,1791
867,1790
867,1789
867,1788
867,1787
867,1786
867,1785
867,1784
867,1783
867,1782
867,1781
867,1780
867,1779
867,1778
867,1777
867,1776
867,1775
867,1774
867,1773
867,1772
867,1771
867,1770
867,1769
867,1768
867,1767
867,1766
867,1765
867,1764
867,1763
867,1762
867,1761
867,1760
867,1759
867,1758
867,1757
867,1756
867,1755
867,1754
867,1753
867,1752
867,1751
867,1750
867,1749
867,1748
867,1747
867,1746
867,1745
867,1744
867,1743
867,1742
867,1741
867,1740
867,1739
867,1738
867,1737
867,1736
867,1735
867,1734
867,1733
867,1732
867,1731
867,1730
867,1729
867,1728
867,1727
867,1726
867,1725
867,1724
867,1723
867,1722
867,1721
867,1720
867,1719
867,1718
867,1717
867,1716
867,1715
867,1714
867,1713
867,1712
867,1711
867,1710
867,1709
867,1708
867,1707
867,1706
867,1705
867,1704
867,1703
867,1702
867,1701
867,1700
867,1699
867,1698
867,1697
867,1696
867,1695
867,1694
867,1693
867,1692
867,1691
867,1690
867,1689
867,1688
867,1687
867,1686
867,1685
867,1684
867,1683
867,1682
867,1681
867,1680
867,1679
867,1678
867,1677
867,1676
867,1675
867,1674
867,1673
867,1672
867,1671
867,1670
867,1669
867,1668
867,1667
867,1666
867,1665
867,1664
867,1663
867,1662
867,1661
867,1660
867,1659
867,1658
867,1657
867,1656
867,1655
867,1654
867,1653
867,1652
867,1651
867,1650
867,1649
867,1648
867,1647
867,1646
867,1645
867,1644
867,1643
867,1642
867,1641
867,1640
867,1639
867,1638
867,1637
867,1636
867,1635
867,1634
867,1633
867,1632
867,1631
867,1630
867,1629
867,1628
867,1627
867,1626
867,1625
867,1624
867,1623
867,1622
867,1621
867,1620
867,1619
867,1618
867,1617
867,1616
867,1615
867,1614
867,1613
867,1612
867,1611
867,1610
867,1609
867,1608
867,1607
867,1606
867,1605
867,1604
867,1603
867,1602
867,1601
867,1600
867,1599
867,1598
867,1597
867,1596
867,1595
867,1594
867,1593
867,1592
867,1591
867,1590
867,1589
867,1588
867,1587
867,1586
867,1585
867,1584
867,1583
867,1582
867,1581
867,1580
867,1579
867,1578
867,1577
867,1576
867,1575
867,1574
867,1573
867,1572
867,1571
867,1570
867,1569
867,1568
867,1567
867,1566
867,1565
867,1564
867,1563
867,1562
867,1561
867,1560
867,1559
867,1558
867,1557
867,1556
867,1555
867,1554
867,1553
867,1552
867,1551
867,1550
867,1549
867,1548
867,1547
867,1546
867,1545
867,1544
867,1543
867,1542
867,1541
867,1540
867,1539
867,1538
867,1537
867,1536
867,1535
867,1534
867,1533
867,1532
867,1531
867,1530
867,1529
867,1528
867,1527
867,1526
867,1525
867,1524
867,1523
867,1522
867,1521
867,1520
867,1519
867,1518
867,1517
867,1516
867,1515
867,1514
867,1513
867,1512
867,1511
867,1510
867,1509
867,1508
867,1507
867,1506
867,1505
867,1504
867,1503
867,1502
867,1501
867,1500
867,1499
867,1498
867,1497
867,1496
867,1495
867,1494
867,1493
867,1492
867,1491
867,1490
867,1489
867,1488
867,1487
867,1486
867,1485
867,1484
867,1483
867,1482
867,1481
867,1480
867,1479
867,1478
867,1477
867,1476
867,1475
867,1474
867,1473
867,1472
867,1471
867,1470
867,1469
867,1468
867,1467
867,1466
867,1465
867,1464
867,1463
867,1462
867,1461
867,1460
867,1459
867,1458
867,1457
867,1456
867,1455
867,1454
867,1453
867,1452
867,1451
867,1450
867,1449
867,1448
867,1447
867,1446
867,1445
867,1444
867,1443
867,1442
867,1441
867,1440
867,1439
867,1438
867,1437
867,1436
867,1435
867,1434
867,1433
867,1432
867,1431
867,1430
867,1429
867,1428
867,1427
867,1426
867,1425
867,1424
867,1423
867,1422
867,1421
867,1420
867,1419
867,1418
867,1417
867,1416
867,1415
867,1414
867,1413
867,1412
867,1411
867,1410
867,1409
867,1408
867,1407
867,1406
867,1405
867,1404
867,1403
867,1402
867,1401
867,1400
867,1399
867,1398
867,1397
867,1396
867,1395
867,1394
867,1393
867,1392
867,1391
867,1390
867,1389
867,1388
867,1387
867,1386
867,1385
867,1384
867,1383
867,1382
867,1381
867,1380
867,1379
867,1378
867,1377
867,1376
867,1375
867,1374
867,1373
867,1372
867,1371
867,1370
867,1369
867,1368
867,1367
867,1366
867,1365
867,1364
867,1363
867,1362
867,1361
867,1360
867,1359
867,1358
867,1357
867,1356
867,1355
867,1354
867,1353
867,1352
867,1351
867,1350
867,1349
867,1348
867,1347
867,1346
867,1345
867,1344
867,1343
867,1342
867,1341
867,1340
867,1339
867,1338
867,1337
867,1336
867,1335
867,1334
867,1333
867,1332
867,1331
867,1330
867,1329
867,1328
867,1327
867,1326
867,1325
867,1324
867,1323
867,1322
867,1321
867,1320
867,1319
867,1318
867,1317
867,1316
867,1315
867,1314
867,1313
867,1312
867,1311
867,1310
867,1309
867,1308
867,1307
867,1306
867,1305
867,1304
867,1303
867,1302
867,1301
867,1300
867,1299
867,1298
867,1297
867,1296
867,1295
867,1294
867,1293
867,1292
867,1291
867,1290
867,1289
867,1288
867,1287
867,1286
867,1285
867,1284
867,1283
867,1282
867,1281
867,1280
867,1279
867,1278
867,1277
867,1276
867,1275
867,1274
867,1273
867,1272
867,1271
867,1270
867,1269
867,1268
867,1267
867,1266
867,1265
867,1264
867,1263
867,1262
867,1261
867,1260
867,1259
867,1258
867,1257
867,1256
867,1255
867,1254
867,1253
867,1252
867,1251
867,1250
867,1249
867,1248
867,1247
867,1246
867,1245
867,1244
867,1243
867,1242
867,1241
867,1240
867,1239
867,1238
867,1237
867,1236
867,1235
867,1234
867,1233
867,1232
867,1231
867,1230
867,1229
867,1228
867,1227
867,1226
867,1225
867,1224
867,1223
867,1222
867,1221
867,1220
867,1219
867,1218
867,1217
867,1216
867,1215
867,1214
867,1213
867,1212
867,1211
867,1210
867,1209
867,1208
867,1207
867,1206
867,1205
867,1204
867,1203
867,1202
867,1201
867,1200
867,1199
867,1198
867,1197
867,1196
867,1195
867,1194
867,1193
867,1192
867,1191
867,1190
867,1189
867,1188
867,1187
867,1186
867,1185
867,1184
867,1183
867,1182
867,1181
867,1180
867,1179
867,1178
867,1177
867,1176
867,1175
867,1174
867,1173
867,1172
867,1171
867,1170
867,1169
867,1168
867,1167
867,1166
867,1165
867,1164
867,1163
867,1162
867,1161
867,1160
867,1159
867,1158
867,1157
867,1156
867,1155
867,1154
867,1153
867,1152
867,1151
867,1150
867,1149
867,1148
867,1147
867,1146
867,1145
867,1144
867,1143
867,1142
867,1141
867,1140
867,1139
867,1138
867,1137
867,1136
867,1135
867,1134
867,1133
867,1132
867,1131
867,1130
867,1129
867,1128
867,1127
867,1126
867,1125
867,1124
867,1123
867,1122
867,1121
867,1120
867,1119
867,1118
867,1117
867,1116
867,1115
867,1114
867,1113
867,1112
867,1111
867,1110
867,1109
867,1108
867,1107
867,1106
867,1105
867,1104
867,1103
867,1102
867,1101
867,1100
867,1099
867,1098
867,1097
867,1096
867,1095
867,1094
867,1093
867,1092
867,1091
867,1090
867,1089
867,1088
867,1087
867,1086
867,1085
867,1084
867,1083
867,1082
867,1081
867,1080
867,1079
867,1078
867,1077
867,1076
867,1075
867,1074
867,1073
867,1072
867,1071
867,1070
867,1069
867,1068
867,1067
867,1066
867,1065
867,1064
867,1063
867,1062
867,1061
867,1060
867,1059
867,1058
867,1057
867,1056
867,1055
867,1054
867,1053
867,1052
867,1051
867,1050
867,1049
867,1048
867,1047
867,1046
867,1045
867,1044
867,1043
867,1042
867,1041
867,1040
867,1039
867,1038
867,1037
867,1036
867,1035
867,1034
867,1033
867,1032
867,1031
867,1030
867,1029
867,1028
867,1027
867,1026
867,1025
867,1024
867,1023
867,1022
867,1021
867,1020
867,1019
867,1018
867,1017
867,1016
867,1015
867,1014
867,1013
867,1012
867,1011
867,1010
867,1009
867,1008
867,1007
867,1006
867,1005
867,1004
867,1003
867,1002
867,1001
867,1000
867,999
867,998
867,997
867,996
867,995
867,994
867,993
867,992
867,991
867,990
867,989
867,988
867,987
867,986
867,985
867,984
867,983
867,982
867,981
867,980
867,979
867,978
867,977
867,976
867,975
867,974
867,973
867,972
867,971
867,970
867,969
867,968
867,967
867,966
867,965
867,964
867,963
867,962
867,961
867,960
867,959
867,958
867,957
867,956
867,955
867,954
867,953
867,952
867,951
867,950
867,949
867,948
867,947
867,946
867,945
867,944
867,943
867,942
867,941
867,940
867,939
867,938
867,937
867,936
867,935
867,934
867,933
867,932
867,931
867,930
867,929
867,928
867,927
867,926
867,925
867,924
867,923
867,922
867,921
867,920
867,919
867,918
867,917
867,916
867,915
867,914
867,913
867,912
867,911
867,910
867,909
867,908
867,907
867,906
867,905
867,904
867,903
867,902
867,901
867,900
867,899
867,898
867,897
867,896
867,895
867,894
867,893
867,892
867,891
867,890
867,889
867,888
867,887
867,886
867,885
867,884
867,883
867,882
867,881
867,880
867,879
867,878
867,877
867,876
867,875
867,874
867,873
867,872
867,871
867,870
867,869
867,868
867,867
867,866
867,865
867,864
867,863
867,862
867,861
867,860
867,859
867,858
867,857
867,856
867,855
867,854
867,853
867,852
867,851
867,850
867,849
867,848
867,847
867,846
867,845
867,844
867,843
867,842
867,841
867,840
867,839
867,838
867,837
867,836
867,835
867,834
867,833
867,832
867,831
867,830
867,829
867,828
867,827
867,826
867,825
867,824
867,823
867,822
867,821
867,820
867,819
867,818
867,817
867,816
867,815
867,814
867,813
867,812
867,811
867,810
867,809
867,808
867,807
867,806
867,805
867,804
867,803
867,802
867,801
867,800
867,799
867,798
867,797
867,796
867,795
867,794
867,793
867,792
867,791
867,790
867,789
867,788
867,787
867,786
867,785
867,784
867,783
867,782
867,781
867,780
867,779
867,778
867,777
867,776
867,775
867,774
867,773
867,772
867,771
867,770
867,769
867,768
867,767
867,766
867,765
867,764
867,763
867,762
867,761
867,760
867,759
867,758
867,757
867,756
867,755
867,754
867,753
867,752
867,751
867,750
867,749
867,748
867,747
867,746
867,745
867,744
867,743
867,742
867,741
867,740
867,739
867,738
867,737
867,736
867,735
867,734
867,733
867,732
867,731
867,730
867,729
867,728
867,727
867,726
867,725
867,724
867,723
867,722
867,721
867,720
867,719
867,718
867,717
867,716
867,715
867,714
867,713
867,712
867,711
867,710
867,709
867,708
867,707
867,706
867,705
867,704
867,703
867,702
867,701
867,700
867,699
867,698
867,697
867,696
867,695
867,694
867,693
867,692
867,691
867,690
867,689
867,688
867,687
867,686
867,685
867,684
867,683
867,682
867,681
867,680
867,679
867,678
867,677
867,676
867,675
867,674
867,673
867,672
867,671
867,670
867,669
867,668
867,667
867,666
867,665
867,664
867,663
867,662
867,661
867,660
867,659
867,658
867,657
867,656
867,655
867,654
867,653
867,652
867,651
867,650
867,649
867,648
867,647
867,646
867,645
867,644
867,643
867,642
867,641
867,640
867,639
867,638
867,637
867,636
867,635
867,634
867,633
867,632
867,631
867,630
867,629
867,628
867,627
867,626
867,625
867,624
867,623
867,622
867,621
867,620
867,619
867,618
867,617
867,616
867,615
867,614
867,613
867,612
867,611
867,610
867,609
867,608
867,607
867,606
867,605
867,604
867,603
867,602
867,601
867,600
867,599
867,598
867,597
867,596
867,595
867,594
867,593
867,592
867,591
867,590
867,589
867,588
867,587
867,586
867,585
867,584
867,583
867,582
867,581
867,580
867,579
867,578
867,577
867,576
867,575
867,574
867,573
867,572
867,571
867,570
867,569
867,568
867,567
867,566
867,565
867,564
867,563
867,562
867,561
867,560
867,559
867,558
867,557
867,556
867,555
867,554
867,553
867,552
867,551
867,550
867,549
867,548
867,547
867,546
867,545
867,544
867,543
867,542
867,541
867,540
867,539
867,538
867,537
867,536
867,535
867,534
867,533
867,532
867,531
867,530
867,529
867,528
867,527
867,526
867,525
867,524
867,523
867,522
867,521
867,520
867,519
867,518
867,517
867,516
867,515
867,514
867,513
867,512
867,511
867,510
867,509
867,508
867,507
867,506
867,505
867,504
867,503
867,502
867,501
867,500
867,499
867,498
867,497
867,496
867,495
867,494
867,493
867,492
867,491
867,490
867,489
867,488
867,487
867,486
867,485
867,484
867,483
867,482
867,481
867,480
867,479
867,478
867,477
867,476
867,475
867,474
867,473
867,472
867,471
867,470
867,469
867,468
867,467
867,466
867,465
867,464
867,463
867,462
867,461
867,460
867,459
867,458
867,457
867,456
867,455
867,454
867,453
867,452
867,451
867,450
867,449
867,448
867,447
867,446
867,445
867,444
867,443
867,442
867,441
867,440
867,439
867,438
867,437
867,436
867,435
867,434
867,433
867,432
867,431
867,430
867,429
867,428
867,427
867,426
867,425
867,424
867,423
867,422
867,421
867,420
867,419
867,418
867,417
867,416
867,415
867,414
867,413
867,412
867,411
867,410
867,409
867,408
867,407
867,406
867,405
867,404
867,403
867,402
867,401
867,400
867,399
867,398
867,397
867,396
867,395
867,394
867,393
867,392
867,391
867,390
867,389
867,388
867,387
867,386
867,385
867,384
867,383
867,382
867,381
867,380
867,379
867,378
867,377
867,376
867,375
867,374
867,373
867,372
867,371
867,370
867,369
867,368
867,367
867,366
867,365
867,364
867,363
867,362
867,361
867,360
867,359
867,358
867,357
867,356
867,355
867,354
867,353
867,352
867,351
867,350
867,349
867,348
867,347
867,346
867,345
867,344
867,343
867,342
867,341
867,340
867,339
867,338
867,337
867,336
867,335
867,334
867,333
867,332
867,331
867,330
867,329
867,328
867,327
867,326
867,325
867,324
867,323
867,322
867,321
867,320
867,319
867,318
867,317
867,316
867,315
867,314
867,313
867,312
867,311
867,310
867,309
867,308
867,307
867,306
867,305
867,304
867,303
867,302
867,301
867,300
867,299
867,298
867,297
867,296
867,295
867,294
867,293
867,292
867,291
867,290
867,289
867,288
867,287
867,286
867,285
867,284
867,283
867,282
867,281
867,280
867,279
867,278
867,277
867,276
867,275
867,274
867,273
867,272
867,271
867,270
867,269
867,268
867,267
867,266
867,265
867,264
867,263
867,262
867,261
867,260
867,259
867,258
867,257
867,256
867,255
867,254
867,253
867,252
867,251
867,250
867,249
867,248
867,247
867,246
867,245
867,244
867,243
867,242
867,241
867,240
867,239
867,238
867,237
867,236
867,235
867,234
867,233
867,232
867,231
867,230
867,229
867,228
867,227
867,226
867,225
867,224
867,223
867,222
867,221
867,220
867,219
867,218
867,217
867,216
867,215
867,214
867,213
867,212
867,211
867,210
867,209
867,208
867,207
867,206
867,205
867,204
867,203
867,202
867,201
867,200
867,199
867,198
867,197
867,196
867,195
867,194
867,193
867,192
867,191
867,190
867,189
867,188
867,187
867,186
867,185
867,184
867,183
867,182
867,181
867,180
867,179
867,178
867,177
867,176
867,175
867,174
867,173
867,172
867,171
867,170
867,169
867,168
867,167
867,166
867,165
867,164
867,163
867,162
867,161
867,160
867,159
867,158
867,157
867,156
867,155
867,154
867,153
867,152
867,151
867,150
867,149
867,148
867,147
867,146
867,145
867,144
867,143
867,142
867,141
867,140
867,139
867,138
867,137
867,136
867,135
867,134
867,133
867,132
867,131
867,130
867,129
867,128
867,127
867,126
867,125
867,124
867,123
867,122
867,121
867,120
867,119
867,118
867,117
867,116
867,115
867,114
867,113
867,112
867,111
867,110
867,109
867,108
867,107
867,106
867,105
867,104
867,103
867,102
867,101
867,100
867,99
867,98
867,97
867,96
867,95
867,94
867,93
867,92
867,91
867,90
867,89
867,88
867,87
867,86
867,85
867,84
867,83
867,82
867,81
867,80
867,79
867,78
867,77
867,76
867,75
867,74
867,73
867,72
867,71
867,70
867,69
867,68
867,67
867,66
867,65
867,64
867,63
867,62
867,61
867,60
867,59
867,58
867,57
867,56
867,55
867,54
867,53
867,52
867,51
867,50
867,49
867,48
867,47
867,46
867,45
867,44
867,43
867,42
867,41
867,40
867,39
867,38
867,37
867,36
867,35
867,34
867,33
867,32
867,31
867,30
867,29
867,28
867,27
867,26
867,25
867,24
867,23
867,22
867,21
867,20
867,19
867,18
867,17
867,16
867,15
867,14
867,13
867,12
867,11
867,10
867,9
867,8
867,7
867,6
867,5
867,4
867,3
867,2
867,1
